1.250186324119567871e+00,9.648977518081665039e-01,-1.218364834785461426e+00,-1.370800495147705078e+00,1.620821475982666016e+00,7.068346142768859863e-01,1.209036350250244141e+00,-1.349149227142333984e+00,1.276718974113464355e+00,-1.186801552772521973e+00,9.907438755035400391e-01,-1.434265971183776855e+00,-7.788466215133666992e-01,-1.230174303054809570e+00,-1.226120352745056152e+00,8.249568939208984375e-01,-1.680621981620788574e+00,-1.762166857719421387e+00,2.268290042877197266e+00,-1.154421806335449219e+00
1.250480175018310547e+00,9.645810127258300781e-01,-1.219039916992187500e+00,-1.371692895889282227e+00,1.621255636215209961e+00,7.049993872642517090e-01,1.209672570228576660e+00,-1.349707603454589844e+00,1.277990221977233887e+00,-1.186692237854003906e+00,9.911942481994628906e-01,-1.435366630554199219e+00,-7.802215218544006348e-01,-1.230741739273071289e+00,-1.226190805435180664e+00,8.258433938026428223e-01,-1.681471705436706543e+00,-1.762570261955261230e+00,2.268359422683715820e+00,-1.155173897743225098e+00
1.250525474548339844e+00,9.643072485923767090e-01,-1.219237446784973145e+00,-1.371896505355834961e+00,1.621283054351806641e+00,7.040813565254211426e-01,1.209756374359130859e+00,-1.349846363067626953e+00,1.278382778167724609e+00,-1.186565518379211426e+00,9.913325905799865723e-01,-1.435700654983520508e+00,-7.807019948959350586e-01,-1.230846405029296875e+00,-1.226105093955993652e+00,8.261612057685852051e-01,-1.681654810905456543e+00,-1.762570858001708984e+00,2.268137931823730469e+00,-1.155396819114685059e+00
1.251055121421813965e+00,9.642114639282226562e-01,-1.219906568527221680e+00,-1.372694253921508789e+00,1.621987938880920410e+00,7.031840682029724121e-01,1.210293889045715332e+00,-1.350619673728942871e+00,1.279362440109252930e+00,-1.186972618103027344e+00,9.918842911720275879e-01,-1.436611294746398926e+00,-7.815407514572143555e-01,-1.231422066688537598e+00,-1.226462960243225098e+00,8.268526792526245117e-01,-1.682526230812072754e+00,-1.763342857360839844e+00,2.268608093261718750e+00,-1.156117796897888184e+00
1.252302765846252441e+00,9.640547037124633789e-01,-1.221627831459045410e+00,-1.374764084815979004e+00,1.623550057411193848e+00,7.003794312477111816e-01,1.211801528930664062e+00,-1.352529764175415039e+00,1.281879544258117676e+00,-1.187821865081787109e+00,9.932751059532165527e-01,-1.439051866531372070e+00,-7.838422656059265137e-01,-1.232995033264160156e+00,-1.227249145507812500e+00,8.287099003791809082e-01,-1.684691071510314941e+00,-1.765187501907348633e+00,2.269766092300415039e+00,-1.158193588256835938e+00
1.253006935119628906e+00,9.634832143783569336e-01,-1.222843527793884277e+00,-1.376259207725524902e+00,1.624253869056701660e+00,6.969661116600036621e-01,1.212782144546508789e+00,-1.353843212127685547e+00,1.283818721771240234e+00,-1.188017010688781738e+00,9.942768812179565430e-01,-1.440982937812805176e+00,-7.858476638793945312e-01,-1.234091758728027344e+00,-1.227399587631225586e+00,8.303003311157226562e-01,-1.686056494712829590e+00,-1.766140818595886230e+00,2.269899368286132812e+00,-1.159876346588134766e+00
1.253537178039550781e+00,9.634623527526855469e-01,-1.223596453666687012e+00,-1.377138257026672363e+00,1.624754548072814941e+00,6.954629421234130859e-01,1.213435292243957520e+00,-1.354667067527770996e+00,1.284916400909423828e+00,-1.188257455825805664e+00,9.948908686637878418e-01,-1.442145466804504395e+00,-7.868893146514892578e-01,-1.234836935997009277e+00,-1.227637529373168945e+00,8.312156200408935547e-01,-1.686948060989379883e+00,-1.766781926155090332e+00,2.270335674285888672e+00,-1.160843014717102051e+00
1.254045248031616211e+00,9.634357094764709473e-01,-1.224145054817199707e+00,-1.377735614776611328e+00,1.625206112861633301e+00,6.946277022361755371e-01,1.213751673698425293e+00,-1.355302333831787109e+00,1.285625100135803223e+00,-1.188613533973693848e+00,9.954327344894409180e-01,-1.442854404449462891e+00,-7.874985933303833008e-01,-1.235335826873779297e+00,-1.227970480918884277e+00,8.318147659301757812e-01,-1.687582492828369141e+00,-1.767310142517089844e+00,2.270791530609130859e+00,-1.161519885063171387e+00
1.255606412887573242e+00,9.640069007873535156e-01,-1.225821375846862793e+00,-1.379782199859619141e+00,1.627190232276916504e+00,6.939015388488769531e-01,1.215320110321044922e+00,-1.357357621192932129e+00,1.287771463394165039e+00,-1.190076947212219238e+00,9.970011115074157715e-01,-1.445049405097961426e+00,-7.891254425048828125e-01,-1.236986875534057617e+00,-1.229410529136657715e+00,8.333576917648315430e-01,-1.689864873886108398e+00,-1.769584417343139648e+00,2.273043394088745117e+00,-1.163393020629882812e+00
1.257506251335144043e+00,9.645307064056396484e-01,-1.228024959564208984e+00,-1.382449984550476074e+00,1.629586815834045410e+00,6.923881173133850098e-01,1.217247366905212402e+00,-1.359998345375061035e+00,1.290560722351074219e+00,-1.191767811775207520e+00,9.990494251251220703e-01,-1.447989225387573242e+00,-7.913973331451416016e-01,-1.239119887351989746e+00,-1.231114745140075684e+00,8.354929685592651367e-01,-1.692755460739135742e+00,-1.772335410118103027e+00,2.275685548782348633e+00,-1.165926814079284668e+00
1.258358716964721680e+00,9.643266201019287109e-01,-1.229165315628051758e+00,-1.383883714675903320e+00,1.630589246749877930e+00,6.903084516525268555e-01,1.218147873878479004e+00,-1.361571192741394043e+00,1.292255878448486328e+00,-1.192441701889038086e+00,1.000192999839782715e+00,-1.449737548828125000e+00,-7.929542064666748047e-01,-1.240193605422973633e+00,-1.231666564941406250e+00,8.369140625000000000e-01,-1.694201350212097168e+00,-1.773548007011413574e+00,2.276450872421264648e+00,-1.167496800422668457e+00
1.259498476982116699e+00,9.644499421119689941e-01,-1.230568766593933105e+00,-1.385633349418640137e+00,1.631986498832702637e+00,6.886021494865417480e-01,1.219396471977233887e+00,-1.363359093666076660e+00,1.294257283210754395e+00,-1.193340659141540527e+00,1.001480102539062500e+00,-1.451809167861938477e+00,-7.947008609771728516e-01,-1.241542339324951172e+00,-1.232473373413085938e+00,8.384011983871459961e-01,-1.696017146110534668e+00,-1.775188803672790527e+00,2.277808427810668945e+00,-1.169325113296508789e+00
1.259419441223144531e+00,9.637721776962280273e-01,-1.230723142623901367e+00,-1.385997056961059570e+00,1.631796002388000488e+00,6.865579485893249512e-01,1.219567179679870605e+00,-1.363633394241333008e+00,1.294968962669372559e+00,-1.192949175834655762e+00,1.001676201820373535e+00,-1.452420473098754883e+00,-7.956340312957763672e-01,-1.241693854331970215e+00,-1.232132911682128906e+00,8.390069603919982910e-01,-1.696159124374389648e+00,-1.775089621543884277e+00,2.277103424072265625e+00,-1.169887423515319824e+00
1.260123610496520996e+00,9.637936949729919434e-01,-1.231641411781311035e+00,-1.387123227119445801e+00,1.632599592208862305e+00,6.853176951408386230e-01,1.220343708992004395e+00,-1.364590167999267578e+00,1.296247005462646484e+00,-1.193389177322387695e+00,1.002496838569641113e+00,-1.453691244125366211e+00,-7.968281507492065430e-01,-1.242535829544067383e+00,-1.232666134834289551e+00,8.399778604507446289e-01,-1.697296738624572754e+00,-1.776089191436767578e+00,2.277959585189819336e+00,-1.171057701110839844e+00
1.260607838630676270e+00,9.636865258216857910e-01,-1.232314586639404297e+00,-1.387958288192749023e+00,1.633167028427124023e+00,6.841153502464294434e-01,1.220966458320617676e+00,-1.365326046943664551e+00,1.297268152236938477e+00,-1.193728327751159668e+00,1.003073453903198242e+00,-1.454707980155944824e+00,-7.977942228317260742e-01,-1.243197321891784668e+00,-1.233044624328613281e+00,8.407573103904724121e-01,-1.698163628578186035e+00,-1.776786446571350098e+00,2.278481960296630859e+00,-1.171934723854064941e+00
1.261180996894836426e+00,9.633752107620239258e-01,-1.233205318450927734e+00,-1.389161944389343262e+00,1.633754968643188477e+00,6.819130778312683105e-01,1.221774578094482422e+00,-1.366272211074829102e+00,1.298774600028991699e+00,-1.193941950798034668e+00,1.003855943679809570e+00,-1.456164121627807617e+00,-7.992380261421203613e-01,-1.244065999984741211e+00,-1.233364105224609375e+00,8.419656753540039062e-01,-1.699294090270996094e+00,-1.777564764022827148e+00,2.278857231140136719e+00,-1.173134446144104004e+00
1.262122273445129395e+00,9.632809162139892578e-01,-1.234545350074768066e+00,-1.390936970710754395e+00,1.634897470474243164e+00,6.796429753303527832e-01,1.223144173622131348e+00,-1.367812991142272949e+00,1.300889968872070312e+00,-1.194525599479675293e+00,1.005002856254577637e+00,-1.458257675170898438e+00,-8.011432290077209473e-01,-1.245400905609130859e+00,-1.234027624130249023e+00,8.435692191123962402e-01,-1.700988769531250000e+00,-1.778997778892517090e+00,2.279831409454345703e+00,-1.174790024757385254e+00
1.262680172920227051e+00,9.624119997024536133e-01,-1.235766291618347168e+00,-1.392454504966735840e+00,1.635303854942321777e+00,6.756243705749511719e-01,1.224063754081726074e+00,-1.369141340255737305e+00,1.302922487258911133e+00,-1.194533467292785645e+00,1.006059527397155762e+00,-1.460283398628234863e+00,-8.033185601234436035e-01,-1.246457576751708984e+00,-1.234035372734069824e+00,8.454185724258422852e-01,-1.702166676521301270e+00,-1.779693245887756348e+00,2.279612779617309570e+00,-1.176505565643310547e+00
1.262673854827880859e+00,9.615178704261779785e-01,-1.236205816268920898e+00,-1.393122315406799316e+00,1.635107517242431641e+00,6.725409626960754395e-01,1.224366664886474609e+00,-1.369696855545043945e+00,1.304005622863769531e+00,-1.194138169288635254e+00,1.006497263908386230e+00,-1.461259841918945312e+00,-8.046745061874389648e-01,-1.246832609176635742e+00,-1.233687639236450195e+00,8.464659452438354492e-01,-1.702507257461547852e+00,-1.779670834541320801e+00,2.278739690780639648e+00,-1.177384972572326660e+00
1.263085484504699707e+00,9.609587192535400391e-01,-1.237046241760253906e+00,-1.394168734550476074e+00,1.635411143302917480e+00,6.698065400123596191e-01,1.225013375282287598e+00,-1.370636105537414551e+00,1.305406212806701660e+00,-1.194120287895202637e+00,1.007265329360961914e+00,-1.462666273117065430e+00,-8.062072992324829102e-01,-1.247565269470214844e+00,-1.233678102493286133e+00,8.477568030357360840e-01,-1.703311920166015625e+00,-1.780162453651428223e+00,2.278609752655029297e+00,-1.178608179092407227e+00
1.263572454452514648e+00,9.601181745529174805e-01,-1.238183856010437012e+00,-1.395670294761657715e+00,1.635739088058471680e+00,6.656838059425354004e-01,1.225932359695434570e+00,-1.371858119964599609e+00,1.307434558868408203e+00,-1.193972468376159668e+00,1.008244395256042480e+00,-1.464648842811584473e+00,-8.084638714790344238e-01,-1.248593091964721680e+00,-1.233627319335937500e+00,8.495708703994750977e-01,-1.704468607902526855e+00,-1.780761837959289551e+00,2.278296232223510742e+00,-1.180289983749389648e+00
1.264755487442016602e+00,9.595652222633361816e-01,-1.240067362785339355e+00,-1.398096442222595215e+00,1.636929035186767578e+00,6.613190174102783203e-01,1.227553844451904297e+00,-1.373876929283142090e+00,1.310346245765686035e+00,-1.194446682929992676e+00,1.009871602058410645e+00,-1.467605948448181152e+00,-8.114017844200134277e-01,-1.250368952751159668e+00,-1.234204173088073730e+00,8.520306944847106934e-01,-1.706616044044494629e+00,-1.782394170761108398e+00,2.279068708419799805e+00,-1.182834148406982422e+00
1.265955209732055664e+00,9.585978388786315918e-01,-1.242205381393432617e+00,-1.400936841964721680e+00,1.638070821762084961e+00,6.554279923439025879e-01,1.229400634765625000e+00,-1.376146912574768066e+00,1.313854217529296875e+00,-1.194754362106323242e+00,1.011738181114196777e+00,-1.471105694770812988e+00,-8.150212764739990234e-01,-1.252366304397583008e+00,-1.234698414802551270e+00,8.550620079040527344e-01,-1.709026455879211426e+00,-1.784091472625732422e+00,2.279519796371459961e+00,-1.185836911201477051e+00
1.266846299171447754e+00,9.574970602989196777e-01,-1.243994832038879395e+00,-1.403327107429504395e+00,1.638829946517944336e+00,6.497798562049865723e-01,1.230937361717224121e+00,-1.378071904182434082e+00,1.316912770271301270e+00,-1.194877624511718750e+00,1.013348221778869629e+00,-1.474129915237426758e+00,-8.182309865951538086e-01,-1.254038214683532715e+00,-1.234968304634094238e+00,8.577471375465393066e-01,-1.710909962654113770e+00,-1.785371184349060059e+00,2.279525995254516602e+00,-1.188477396965026855e+00
1.267193913459777832e+00,9.560900926589965820e-01,-1.245196342468261719e+00,-1.404875516891479492e+00,1.638746976852416992e+00,6.441978812217712402e-01,1.231755375862121582e+00,-1.379341363906860352e+00,1.319177985191345215e+00,-1.194440007209777832e+00,1.014468073844909668e+00,-1.476345419883728027e+00,-8.208478093147277832e-01,-1.255069613456726074e+00,-1.234618544578552246e+00,8.599733114242553711e-01,-1.711912035942077637e+00,-1.785684466361999512e+00,2.278575181961059570e+00,-1.190482378005981445e+00
1.269027829170227051e+00,9.553204774856567383e-01,-1.248105645179748535e+00,-1.408581972122192383e+00,1.640626430511474609e+00,6.377087831497192383e-01,1.234266519546508789e+00,-1.382518768310546875e+00,1.323626637458801270e+00,-1.195312857627868652e+00,1.017024397850036621e+00,-1.480832934379577637e+00,-8.252321481704711914e-01,-1.257800221443176270e+00,-1.235617399215698242e+00,8.637335300445556641e-01,-1.715207099914550781e+00,-1.788243770599365234e+00,2.279885768890380859e+00,-1.194362521171569824e+00
1.270199537277221680e+00,9.539877176284790039e-01,-1.250474333763122559e+00,-1.411768317222595215e+00,1.641597986221313477e+00,6.303797364234924316e-01,1.236301183700561523e+00,-1.385061383247375488e+00,1.327617526054382324e+00,-1.195489406585693359e+00,1.019125699996948242e+00,-1.484838843345642090e+00,-8.294290900230407715e-01,-1.260015010833740234e+00,-1.235988855361938477e+00,8.673062324523925781e-01,-1.717757701873779297e+00,-1.789929032325744629e+00,2.280006170272827148e+00,-1.197835803031921387e+00
1.272070169448852539e+00,9.527490735054016113e-01,-1.253699898719787598e+00,-1.415995955467224121e+00,1.643471360206604004e+00,6.221750378608703613e-01,1.239111781120300293e+00,-1.388597846031188965e+00,1.332788825035095215e+00,-1.196238040924072266e+00,1.021973013877868652e+00,-1.490021944046020508e+00,-8.346084952354431152e-01,-1.263045549392700195e+00,-1.236919283866882324e+00,8.717280030250549316e-01,-1.721413373947143555e+00,-1.792646527290344238e+00,2.280983209609985352e+00,-1.202298045158386230e+00
1.272255420684814453e+00,9.505242109298706055e-01,-1.255202651023864746e+00,-1.418125510215759277e+00,1.643029928207397461e+00,6.136834025382995605e-01,1.240222573280334473e+00,-1.390169262886047363e+00,1.335936546325683594e+00,-1.195265173912048340e+00,1.023349642753601074e+00,-1.493058204650878906e+00,-8.384250998497009277e-01,-1.264369726181030273e+00,-1.236129164695739746e+00,8.748797178268432617e-01,-1.722566485404968262e+00,-1.792761921882629395e+00,2.279084682464599609e+00,-1.204974651336669922e+00
1.273858189582824707e+00,9.489372372627258301e-01,-1.258199453353881836e+00,-1.422096371650695801e+00,1.644420862197875977e+00,6.048340797424316406e-01,1.242787480354309082e+00,-1.393468737602233887e+00,1.340948939323425293e+00,-1.195593833923339844e+00,1.026015877723693848e+00,-1.498045682907104492e+00,-8.436286449432373047e-01,-1.267181515693664551e+00,-1.236629486083984375e+00,8.792955279350280762e-01,-1.725772142410278320e+00,-1.794965386390686035e+00,2.279398918151855469e+00,-1.209302067756652832e+00
1.275479674339294434e+00,9.469580054283142090e-01,-1.261446475982666016e+00,-1.426383614540100098e+00,1.645715951919555664e+00,5.946284532546997070e-01,1.245406866073608398e+00,-1.396990656852722168e+00,1.346355319023132324e+00,-1.195807933807373047e+00,1.028914570808410645e+00,-1.503451943397521973e+00,-8.493436574935913086e-01,-1.270140528678894043e+00,-1.236986160278320312e+00,8.841534852981567383e-01,-1.729151964187622070e+00,-1.797172427177429199e+00,2.279380559921264648e+00,-1.214019417762756348e+00
1.277155518531799316e+00,9.447391033172607422e-01,-1.264983892440795898e+00,-1.431157588958740234e+00,1.647042393684387207e+00,5.830146670341491699e-01,1.248508930206298828e+00,-1.400815606117248535e+00,1.352463245391845703e+00,-1.195751786231994629e+00,1.031968593597412109e+00,-1.509529590606689453e+00,-8.559334278106689453e-01,-1.273435592651367188e+00,-1.237230420112609863e+00,8.896182775497436523e-01,-1.732843995094299316e+00,-1.799516677856445312e+00,2.279121398925781250e+00,-1.219216346740722656e+00
1.278082609176635742e+00,9.422271847724914551e-01,-1.267685294151306152e+00,-1.434818267822265625e+00,1.647323966026306152e+00,5.718535780906677246e-01,1.250656962394714355e+00,-1.403665781021118164e+00,1.357420921325683594e+00,-1.195129513740539551e+00,1.034411787986755371e+00,-1.514439105987548828e+00,-8.615050911903381348e-01,-1.275888085365295410e+00,-1.236839294433593750e+00,8.942978978157043457e-01,-1.735311150550842285e+00,-1.800707697868347168e+00,2.277796268463134766e+00,-1.223551034927368164e+00
1.279000759124755859e+00,9.396181702613830566e-01,-1.270405888557434082e+00,-1.438638925552368164e+00,1.647645354270935059e+00,5.603399872779846191e-01,1.252913355827331543e+00,-1.406529903411865234e+00,1.362544298171997070e+00,-1.194418787956237793e+00,1.036860346794128418e+00,-1.519477009773254395e+00,-8.673103451728820801e-01,-1.278394699096679688e+00,-1.236444234848022461e+00,8.991024494171142578e-01,-1.737905263900756836e+00,-1.801959395408630371e+00,2.276397943496704102e+00,-1.227976679801940918e+00
1.280636310577392578e+00,9.372973442077636719e-01,-1.273938894271850586e+00,-1.443467974662780762e+00,1.648845672607421875e+00,5.483948588371276855e-01,1.255929708480834961e+00,-1.410270571708679199e+00,1.368714928627014160e+00,-1.194376826286315918e+00,1.040022015571594238e+00,-1.525609254837036133e+00,-8.739005923271179199e-01,-1.281699538230895996e+00,-1.236734867095947266e+00,9.046642780303955078e-01,-1.741627335548400879e+00,-1.804266333580017090e+00,2.276141166687011719e+00,-1.233335494995117188e+00
1.282976508140563965e+00,9.350734949111938477e-01,-1.278355836868286133e+00,-1.449443101882934570e+00,1.650923609733581543e+00,5.354526638984680176e-01,1.259771108627319336e+00,-1.415031194686889648e+00,1.376141786575317383e+00,-1.194887042045593262e+00,1.043932676315307617e+00,-1.532950520515441895e+00,-8.815901279449462891e-01,-1.285878658294677734e+00,-1.237574458122253418e+00,9.112025499343872070e-01,-1.746474981307983398e+00,-1.807582020759582520e+00,2.276752471923828125e+00,-1.239695906639099121e+00
1.286020398139953613e+00,9.325490593910217285e-01,-1.283876776695251465e+00,-1.456686973571777344e+00,1.653686881065368652e+00,5.201919674873352051e-01,1.264494657516479492e+00,-1.421056509017944336e+00,1.385086536407470703e+00,-1.195731520652770996e+00,1.048794865608215332e+00,-1.541932702064514160e+00,-8.907653093338012695e-01,-1.291028618812561035e+00,-1.238687396049499512e+00,9.190660119056701660e-01,-1.752429604530334473e+00,-1.811822652816772461e+00,2.277800559997558594e+00,-1.247467637062072754e+00
1.286705493927001953e+00,9.283113479614257812e-01,-1.287154197692871094e+00,-1.461404919624328613e+00,1.653269410133361816e+00,5.033063292503356934e-01,1.267031669616699219e+00,-1.424575209617614746e+00,1.391751646995544434e+00,-1.194156646728515625e+00,1.051807284355163574e+00,-1.548384189605712891e+00,-8.985715508460998535e-01,-1.293946981430053711e+00,-1.237429738044738770e+00,9.255529642105102539e-01,-1.755187749862670898e+00,-1.812665581703186035e+00,2.274562835693359375e+00,-1.253243207931518555e+00
1.288422465324401855e+00,9.246377944946289062e-01,-1.291604757308959961e+00,-1.467497348785400391e+00,1.654141783714294434e+00,4.859718084335327148e-01,1.270736694335937500e+00,-1.429258823394775391e+00,1.399830818176269531e+00,-1.193449139595031738e+00,1.055740118026733398e+00,-1.556357979774475098e+00,-9.075651168823242188e-01,-1.298050522804260254e+00,-1.237109661102294922e+00,9.330502748489379883e-01,-1.759541630744934082e+00,-1.814964890480041504e+00,2.272973775863647461e+00,-1.260247707366943359e+00
1.290753126144409180e+00,9.211423397064208984e-01,-1.296738982200622559e+00,-1.474407076835632324e+00,1.655744194984436035e+00,4.682542681694030762e-01,1.275046944618225098e+00,-1.434656023979187012e+00,1.408706188201904297e+00,-1.193275690078735352e+00,1.060276627540588379e+00,-1.565145254135131836e+00,-9.171596169471740723e-01,-1.302848100662231445e+00,-1.237423419952392578e+00,9.411776065826416016e-01,-1.764795184135437012e+00,-1.818136811256408691e+00,2.272318363189697266e+00,-1.267976880073547363e+00
1.292001008987426758e+00,9.167953729629516602e-01,-1.300801157951354980e+00,-1.480114579200744629e+00,1.656019568443298340e+00,4.503608047962188721e-01,1.278249859809875488e+00,-1.439027309417724609e+00,1.416340112686157227e+00,-1.192316651344299316e+00,1.063989996910095215e+00,-1.572603821754455566e+00,-9.258398413658142090e-01,-1.306485772132873535e+00,-1.236772537231445312e+00,9.484772682189941406e-01,-1.768584370613098145e+00,-1.819898486137390137e+00,2.269833803176879883e+00,-1.274588108062744141e+00
1.289238452911376953e+00,9.097064733505249023e-01,-1.300921916961669922e+00,-1.481556653976440430e+00,1.651290655136108398e+00,4.307951033115386963e-01,1.277867317199707031e+00,-1.439062237739562988e+00,1.419951200485229492e+00,-1.187400817871093750e+00,1.064447760581970215e+00,-1.575535774230957031e+00,-9.320009946823120117e-01,-1.306267976760864258e+00,-1.232246041297912598e+00,9.530313014984130859e-01,-1.767017602920532227e+00,-1.816157579421997070e+00,2.260379314422607422e+00,-1.277411222457885742e+00
1.287041187286376953e+00,9.024151563644409180e-01,-1.301811575889587402e+00,-1.483933687210083008e+00,1.647120952606201172e+00,4.097318351268768311e-01,1.277980208396911621e+00,-1.439960479736328125e+00,1.424655318260192871e+00,-1.182874917984008789e+00,1.065645575523376465e+00,-1.579543709754943848e+00,-9.392200708389282227e-01,-1.306719303131103516e+00,-1.228018164634704590e+00,9.585546851158142090e-01,-1.766349196434020996e+00,-1.813176512718200684e+00,2.251405000686645508e+00,-1.281342387199401855e+00
1.285594224929809570e+00,8.954340219497680664e-01,-1.303457856178283691e+00,-1.487189888954162598e+00,1.643786191940307617e+00,3.884561955928802490e-01,1.278780817985534668e+00,-1.441764593124389648e+00,1.430190086364746094e+00,-1.179015517234802246e+00,1.067468881607055664e+00,-1.584467768669128418e+00,-9.471316933631896973e-01,-1.307902812957763672e+00,-1.224396347999572754e+00,9.647088050842285156e-01,-1.766637086868286133e+00,-1.811194539070129395e+00,2.243545293807983398e+00,-1.286159038543701172e+00
1.283639311790466309e+00,8.877559304237365723e-01,-1.304670810699462891e+00,-1.490033268928527832e+00,1.639647603034973145e+00,3.660353720188140869e-01,1.279160618782043457e+00,-1.442985892295837402e+00,1.435489416122436523e+00,-1.174512505531311035e+00,1.068953990936279297e+00,-1.589040040969848633e+00,-9.550076723098754883e-01,-1.308672428131103516e+00,-1.220187067985534668e+00,9.707717895507812500e-01,-1.766349673271179199e+00,-1.808413147926330566e+00,2.234604120254516602e+00,-1.290722966194152832e+00
1.282123088836669922e+00,8.800867795944213867e-01,-1.306582331657409668e+00,-1.493747234344482422e+00,1.636076927185058594e+00,3.425341546535491943e-01,1.280207037925720215e+00,-1.444922327995300293e+00,1.441790938377380371e+00,-1.170306324958801270e+00,1.070993781089782715e+00,-1.594611763954162598e+00,-9.638034105300903320e-01,-1.310086727142333984e+00,-1.216357469558715820e+00,9.775925874710083008e-01,-1.766924023628234863e+00,-1.806352257728576660e+00,2.226152896881103516e+00,-1.295971751213073730e+00
1.279780745506286621e+00,8.711212873458862305e-01,-1.308123946189880371e+00,-1.497185826301574707e+00,1.631367921829223633e+00,3.160105049610137939e-01,1.280774950981140137e+00,-1.446512818336486816e+00,1.448145270347595215e+00,-1.165098786354064941e+00,1.072835683822631836e+00,-1.600057482719421387e+00,-9.731534123420715332e-01,-1.311072468757629395e+00,-1.211517095565795898e+00,9.848107099533081055e-01,-1.766673803329467773e+00,-1.803170442581176758e+00,2.215531349182128906e+00,-1.301290631294250488e+00
1.276061177253723145e+00,8.605338335037231445e-01,-1.308729648590087891e+00,-1.499750137329101562e+00,1.624794363975524902e+00,2.864526212215423584e-01,1.280378937721252441e+00,-1.446965456008911133e+00,1.453990340232849121e+00,-1.158201694488525391e+00,1.073858857154846191e+00,-1.604777693748474121e+00,-9.827694892883300781e-01,-1.311073541641235352e+00,-1.205112338066101074e+00,9.919507503509521484e-01,-1.764892578125000000e+00,-1.798117041587829590e+00,2.201917886734008789e+00,-1.306020498275756836e+00
1.272201299667358398e+00,8.483483791351318359e-01,-1.309951782226562500e+00,-1.503400921821594238e+00,1.617660403251647949e+00,2.517975866794586182e-01,1.280349373817443848e+00,-1.448129653930664062e+00,1.461265444755554199e+00,-1.150771498680114746e+00,1.075572371482849121e+00,-1.610881447792053223e+00,-9.942495822906494141e-01,-1.311560869216918945e+00,-1.198084712028503418e+00,1.000671982765197754e+00,-1.763434171676635742e+00,-1.793000817298889160e+00,2.186842203140258789e+00,-1.312241077423095703e+00
1.267848968505859375e+00,8.346706628799438477e-01,-1.311384320259094238e+00,-1.507748246192932129e+00,1.609532237052917480e+00,2.122181504964828491e-01,1.280516505241394043e+00,-1.449502348899841309e+00,1.469671249389648438e+00,-1.142296552658081055e+00,1.077592134475708008e+00,-1.618026494979858398e+00,-1.007371306419372559e+00,-1.312260746955871582e+00,-1.190171718597412109e+00,1.010762453079223633e+00,-1.761928439140319824e+00,-1.787332773208618164e+00,2.169860601425170898e+00,-1.319486021995544434e+00
1.262479066848754883e+00,8.194532394409179688e-01,-1.312224507331848145e+00,-1.511572003364562988e+00,1.599858403205871582e+00,1.693418920040130615e-01,1.280053138732910156e+00,-1.450328230857849121e+00,1.478006839752197266e+00,-1.132561564445495605e+00,1.079205870628356934e+00,-1.624832630157470703e+00,-1.021061539649963379e+00,-1.312403559684753418e+00,-1.181056618690490723e+00,1.021258234977722168e+00,-1.759330868721008301e+00,-1.780163288116455078e+00,2.150352716445922852e+00,-1.326602101325988770e+00
1.256815433502197266e+00,8.034435510635375977e-01,-1.313147664070129395e+00,-1.515544176101684570e+00,1.589764475822448730e+00,1.243151426315307617e-01,1.279476881027221680e+00,-1.451282978057861328e+00,1.486743807792663574e+00,-1.122290372848510742e+00,1.080887198448181152e+00,-1.631970405578613281e+00,-1.035472750663757324e+00,-1.312505483627319336e+00,-1.171477198600769043e+00,1.032244205474853516e+00,-1.756617188453674316e+00,-1.772602438926696777e+00,2.129741430282592773e+00,-1.333987236022949219e+00
1.251193642616271973e+00,7.869421243667602539e-01,-1.314444661140441895e+00,-1.520303010940551758e+00,1.579787373542785645e+00,7.719619572162628174e-02,1.279434800148010254e+00,-1.452650070190429688e+00,1.496409773826599121e+00,-1.111900091171264648e+00,1.082897782325744629e+00,-1.639986157417297363e+00,-1.050935983657836914e+00,-1.313028097152709961e+00,-1.161855220794677734e+00,1.043980956077575684e+00,-1.754359126091003418e+00,-1.765425682067871094e+00,2.108848094940185547e+00,-1.342184424400329590e+00
1.244507908821105957e+00,7.691167593002319336e-01,-1.314863324165344238e+00,-1.524249553680419922e+00,1.568299412727355957e+00,2.802195027470588684e-02,1.278574943542480469e+00,-1.452891945838928223e+00,1.505472302436828613e+00,-1.100377917289733887e+00,1.084182381629943848e+00,-1.647092700004577637e+00,-1.066295266151428223e+00,-1.312627196311950684e+00,-1.150994420051574707e+00,1.055447101593017578e+00,-1.750812172889709473e+00,-1.756746649742126465e+00,2.085759401321411133e+00,-1.349789500236511230e+00
1.237763524055480957e+00,7.511968016624450684e-01,-1.315324664115905762e+00,-1.528259277343750000e+00,1.556718230247497559e+00,-2.184229716658592224e-02,1.277830243110656738e+00,-1.453404068946838379e+00,1.514779567718505859e+00,-1.088617801666259766e+00,1.085472106933593750e+00,-1.654436826705932617e+00,-1.081936955451965332e+00,-1.312321543693542480e+00,-1.139913439750671387e+00,1.067216753959655762e+00,-1.747279644012451172e+00,-1.747963190078735352e+00,2.062289476394653320e+00,-1.357424974441528320e+00
1.231819391250610352e+00,7.338303923606872559e-01,-1.316585898399353027e+00,-1.533089280128479004e+00,1.546177983283996582e+00,-7.123765349388122559e-02,1.277649879455566406e+00,-1.454743027687072754e+00,1.524750113487243652e+00,-1.077780127525329590e+00,1.087485432624816895e+00,-1.662575602531433105e+00,-1.097976565361022949e+00,-1.312745094299316406e+00,-1.129771471023559570e+00,1.079405546188354492e+00,-1.744793772697448730e+00,-1.740310907363891602e+00,2.040249586105346680e+00,-1.365871429443359375e+00
1.225292921066284180e+00,7.153993844985961914e-01,-1.317591190338134766e+00,-1.537916779518127441e+00,1.534889101982116699e+00,-1.229647099971771240e-01,1.277044296264648438e+00,-1.455896377563476562e+00,1.534712433815002441e+00,-1.066538572311401367e+00,1.089505553245544434e+00,-1.670526862144470215e+00,-1.114332675933837891e+00,-1.312843561172485352e+00,-1.119041085243225098e+00,1.091849207878112793e+00,-1.741801619529724121e+00,-1.732130050659179688e+00,2.016722917556762695e+00,-1.374635338783264160e+00
1.218014717102050781e+00,6.967973709106445312e-01,-1.317712187767028809e+00,-1.541670560836791992e+00,1.522558331489562988e+00,-1.743841022253036499e-01,1.275811672210693359e+00,-1.456198096275329590e+00,1.543725848197937012e+00,-1.054394960403442383e+00,1.090665459632873535e+00,-1.677531957626342773e+00,-1.129999518394470215e+00,-1.312174916267395020e+00,-1.107541441917419434e+00,1.103592276573181152e+00,-1.737710952758789062e+00,-1.722734928131103516e+00,1.992106795310974121e+00,-1.382418394088745117e+00
1.210602402687072754e+00,6.784641146659851074e-01,-1.317622423171997070e+00,-1.545175671577453613e+00,1.510183811187744141e+00,-2.247400730848312378e-01,1.274580717086791992e+00,-1.456079363822937012e+00,1.552358627319335938e+00,-1.042157053947448730e+00,1.091525793075561523e+00,-1.684183478355407715e+00,-1.145266294479370117e+00,-1.311387538909912109e+00,-1.096087813377380371e+00,1.115046024322509766e+00,-1.733369469642639160e+00,-1.713229894638061523e+00,1.967616081237792969e+00,-1.389673829078674316e+00
1.202789902687072754e+00,6.594493985176086426e-01,-1.317216277122497559e+00,-1.548585653305053711e+00,1.497260332107543945e+00,-2.763556540012359619e-01,1.273048639297485352e+00,-1.455584287643432617e+00,1.560963988304138184e+00,-1.029485583305358887e+00,1.092174768447875977e+00,-1.690581083297729492e+00,-1.160698890686035156e+00,-1.310257911682128906e+00,-1.084122896194458008e+00,1.126495361328125000e+00,-1.728658437728881836e+00,-1.703281283378601074e+00,1.942188620567321777e+00,-1.396889090538024902e+00
1.195904254913330078e+00,6.411621570587158203e-01,-1.317610502243041992e+00,-1.552682042121887207e+00,1.485563755035400391e+00,-3.267755806446075439e-01,1.272094845771789551e+00,-1.455936431884765625e+00,1.570067167282104492e+00,-1.017908334732055664e+00,1.093487381935119629e+00,-1.697619557380676270e+00,-1.176202893257141113e+00,-1.309864521026611328e+00,-1.073110580444335938e+00,1.138175606727600098e+00,-1.724963426589965820e+00,-1.694593071937561035e+00,1.918424963951110840e+00,-1.404676079750061035e+00
1.188750505447387695e+00,6.230696439743041992e-01,-1.317676663398742676e+00,-1.556369900703430176e+00,1.473669052124023438e+00,-3.765440285205841064e-01,1.270865559577941895e+00,-1.456117987632751465e+00,1.578703641891479492e+00,-1.006270885467529297e+00,1.094571590423583984e+00,-1.704206347465515137e+00,-1.191283464431762695e+00,-1.309170365333557129e+00,-1.062095165252685547e+00,1.149478077888488770e+00,-1.720958948135375977e+00,-1.685619711875915527e+00,1.894476413726806641e+00,-1.412143230438232422e+00
1.182704687118530273e+00,6.074004769325256348e-01,-1.317910075187683105e+00,-1.559907674789428711e+00,1.463582038879394531e+00,-4.200123250484466553e-01,1.270125389099121094e+00,-1.456509351730346680e+00,1.586454629898071289e+00,-9.963730573654174805e-01,1.095628619194030762e+00,-1.710189700126647949e+00,-1.204571247100830078e+00,-1.308829784393310547e+00,-1.052672147750854492e+00,1.159504532814025879e+00,-1.717766642570495605e+00,-1.678242921829223633e+00,1.873952746391296387e+00,-1.418909549713134766e+00
1.177431225776672363e+00,5.924726128578186035e-01,-1.318635940551757812e+00,-1.563868522644042969e+00,1.454388737678527832e+00,-4.619468450546264648e-01,1.269897341728210449e+00,-1.457451701164245605e+00,1.594614982604980469e+00,-9.871302247047424316e-01,1.097043514251708984e+00,-1.716707825660705566e+00,-1.217883348464965820e+00,-1.309000253677368164e+00,-1.043851375579833984e+00,1.169688940048217773e+00,-1.715302824974060059e+00,-1.671646952629089355e+00,1.854908704757690430e+00,-1.425854563713073730e+00
1.171084046363830566e+00,5.769914388656616211e-01,-1.318345308303833008e+00,-1.566721081733703613e+00,1.444089174270629883e+00,-5.040859580039978027e-01,1.268686175346374512e+00,-1.457295060157775879e+00,1.601756095886230469e+00,-9.770231842994689941e-01,1.097717761993408203e+00,-1.721982002258300781e+00,-1.230565190315246582e+00,-1.308134317398071289e+00,-1.034286379814147949e+00,1.178991198539733887e+00,-1.711628198623657227e+00,-1.663733005523681641e+00,1.834228754043579102e+00,-1.431909918785095215e+00
1.164806485176086426e+00,5.627326369285583496e-01,-1.317610502243041992e+00,-1.568625926971435547e+00,1.433997750282287598e+00,-5.423344969749450684e-01,1.266998648643493652e+00,-1.456460833549499512e+00,1.607405662536621094e+00,-9.674311280250549316e-01,1.097852706909179688e+00,-1.725948095321655273e+00,-1.241409778594970703e+00,-1.306844472885131836e+00,-1.025210976600646973e+00,1.186964988708496094e+00,-1.707484960556030273e+00,-1.655783414840698242e+00,1.814607381820678711e+00,-1.436825394630432129e+00
1.158816218376159668e+00,5.488777160644531250e-01,-1.316886901855468750e+00,-1.570708990097045898e+00,1.424358725547790527e+00,-5.793592333793640137e-01,1.265525221824645996e+00,-1.455802917480468750e+00,1.613007903099060059e+00,-9.583231806755065918e-01,1.098031044006347656e+00,-1.729864716529846191e+00,-1.251992821693420410e+00,-1.305655717849731445e+00,-1.016443610191345215e+00,1.194833040237426758e+00,-1.703615546226501465e+00,-1.648379921913146973e+00,1.795782804489135742e+00,-1.441699743270874023e+00
1.154778361320495605e+00,5.373268127441406250e-01,-1.317528009414672852e+00,-1.573922038078308105e+00,1.417452573776245117e+00,-6.117677092552185059e-01,1.265348672866821289e+00,-1.456640839576721191e+00,1.619374036788940430e+00,-9.514074325561523438e-01,1.099278450012207031e+00,-1.734923362731933594e+00,-1.262304782867431641e+00,-1.305807232856750488e+00,-1.009788990020751953e+00,1.202660560607910156e+00,-1.701892495155334473e+00,-1.643537044525146484e+00,1.781219363212585449e+00,-1.447248101234436035e+00
1.150362253189086914e+00,5.261544585227966309e-01,-1.317609667778015137e+00,-1.576307296752929688e+00,1.410125136375427246e+00,-6.427823305130004883e-01,1.264669895172119141e+00,-1.456875681877136230e+00,1.624753713607788086e+00,-9.442913532257080078e-01,1.100014925003051758e+00,-1.739048004150390625e+00,-1.271652221679687500e+00,-1.305485010147094727e+00,-1.003047227859497070e+00,1.209724903106689453e+00,-1.699493527412414551e+00,-1.638100028038024902e+00,1.766425609588623047e+00,-1.452024340629577637e+00
1.144621014595031738e+00,5.147770047187805176e-01,-1.315993785858154297e+00,-1.576707959175109863e+00,1.401243209838867188e+00,-6.720240712165832520e-01,1.262645840644836426e+00,-1.455219268798828125e+00,1.628141760826110840e+00,-9.360147118568420410e-01,1.099247813224792480e+00,-1.740979671478271484e+00,-1.279320597648620605e+00,-1.303590536117553711e+00,-9.952248930931091309e-01,1.215155243873596191e+00,-1.695077180862426758e+00,-1.630732536315917969e+00,1.749938249588012695e+00,-1.454790472984313965e+00
1.140574455261230469e+00,5.067669749259948730e-01,-1.315021514892578125e+00,-1.577209472656250000e+00,1.395134687423706055e+00,-6.932156085968017578e-01,1.261343121528625488e+00,-1.454281091690063477e+00,1.630786776542663574e+00,-9.302349090576171875e-01,1.098838210105895996e+00,-1.742589116096496582e+00,-1.284982919692993164e+00,-1.302402019500732422e+00,-9.897481203079223633e-01,1.219208836555480957e+00,-1.692203760147094727e+00,-1.625663399696350098e+00,1.738245010375976562e+00,-1.456981658935546875e+00
1.138425350189208984e+00,5.013852119445800781e-01,-1.314956903457641602e+00,-1.578217387199401855e+00,1.391487598419189453e+00,-7.078936696052551270e-01,1.260933160781860352e+00,-1.454390048980712891e+00,1.633128762245178223e+00,-9.268482923507690430e-01,1.099110364913940430e+00,-1.744372963905334473e+00,-1.289228320121765137e+00,-1.302193522453308105e+00,-9.864821434020996094e-01,1.222544312477111816e+00,-1.690889835357666016e+00,-1.622953653335571289e+00,1.731076598167419434e+00,-1.459114193916320801e+00
1.135999083518981934e+00,4.944316446781158447e-01,-1.315306663513183594e+00,-1.580479979515075684e+00,1.387404918670654297e+00,-7.273603081703186035e-01,1.261153697967529297e+00,-1.454737901687622070e+00,1.637194275856018066e+00,-9.225192070007324219e-01,1.099774122238159180e+00,-1.747655749320983887e+00,-1.295668125152587891e+00,-1.302384614944458008e+00,-9.823942184448242188e-01,1.227309346199035645e+00,-1.689964652061462402e+00,-1.620254635810852051e+00,1.722592353820800781e+00,-1.462450146675109863e+00
1.133707642555236816e+00,4.879765510559082031e-01,-1.315641164779663086e+00,-1.582009553909301758e+00,1.383467674255371094e+00,-7.452380657196044922e-01,1.260853052139282227e+00,-1.455028653144836426e+00,1.640541911125183105e+00,-9.185937643051147461e-01,1.100391507148742676e+00,-1.750276803970336914e+00,-1.301278233528137207e+00,-1.302352547645568848e+00,-9.786662459373474121e-01,1.231485724449157715e+00,-1.688832521438598633e+00,-1.617329239845275879e+00,1.714299678802490234e+00,-1.465325951576232910e+00
1.130808711051940918e+00,4.827246069908142090e-01,-1.314611315727233887e+00,-1.581850528717041016e+00,1.379108190536499023e+00,-7.582382559776306152e-01,1.259513139724731445e+00,-1.453877329826354980e+00,1.641515970230102539e+00,-9.147615432739257812e-01,1.099867463111877441e+00,-1.750607848167419434e+00,-1.304262280464172363e+00,-1.301146030426025391e+00,-9.750095009803771973e-01,1.233581304550170898e+00,-1.686414957046508789e+00,-1.613680362701416016e+00,1.706469655036926270e+00,-1.466317772865295410e+00
1.130442023277282715e+00,4.806829094886779785e-01,-1.315206885337829590e+00,-1.582995772361755371e+00,1.378231883049011230e+00,-7.648429274559020996e-01,1.260031700134277344e+00,-1.454669237136840820e+00,1.643325209617614746e+00,-9.137741327285766602e-01,1.100432395935058594e+00,-1.752236962318420410e+00,-1.306718707084655762e+00,-1.301709771156311035e+00,-9.740436673164367676e-01,1.235616207122802734e+00,-1.686655163764953613e+00,-1.613331198692321777e+00,1.704218268394470215e+00,-1.467858433723449707e+00
1.130338788032531738e+00,4.786111414432525635e-01,-1.316098093986511230e+00,-1.584609508514404297e+00,1.377784371376037598e+00,-7.717365622520446777e-01,1.260741353034973145e+00,-1.455845355987548828e+00,1.645629048347473145e+00,-9.130199551582336426e-01,1.101331472396850586e+00,-1.754279732704162598e+00,-1.309604644775390625e+00,-1.302512764930725098e+00,-9.732776284217834473e-01,1.237932324409484863e+00,-1.687399029731750488e+00,-1.613425493240356445e+00,1.702288866043090820e+00,-1.469848990440368652e+00
1.129097223281860352e+00,4.755051434040069580e-01,-1.316065192222595215e+00,-1.585093379020690918e+00,1.375591278076171875e+00,-7.804469466209411621e-01,1.260431170463562012e+00,-1.455901384353637695e+00,1.647010922431945801e+00,-9.109809994697570801e-01,1.101495862007141113e+00,-1.755327939987182617e+00,-1.312065243721008301e+00,-1.302354574203491211e+00,-9.713109731674194336e-01,1.239842295646667480e+00,-1.686583399772644043e+00,-1.611742258071899414e+00,1.698015689849853516e+00,-1.471130013465881348e+00
1.127888798713684082e+00,4.730740785598754883e-01,-1.315803170204162598e+00,-1.585231184959411621e+00,1.373762965202331543e+00,-7.868003845214843750e-01,1.259932279586791992e+00,-1.455718517303466797e+00,1.647743701934814453e+00,-9.093291163444519043e-01,1.101469278335571289e+00,-1.755766868591308594e+00,-1.313739180564880371e+00,-1.301988720893859863e+00,-9.697644114494323730e-01,1.241071462631225586e+00,-1.685757398605346680e+00,-1.610217094421386719e+00,1.694490194320678711e+00,-1.471843838691711426e+00
1.125783443450927734e+00,4.691179096698760986e-01,-1.315138459205627441e+00,-1.585358262062072754e+00,1.370599627494812012e+00,-7.968696951866149902e-01,1.259327411651611328e+00,-1.455092191696166992e+00,1.648825883865356445e+00,-9.063842296600341797e-01,1.101076245307922363e+00,-1.756414055824279785e+00,-1.316291213035583496e+00,-1.301337957382202148e+00,-9.669793844223022461e-01,1.242902636528015137e+00,-1.684092164039611816e+00,-1.607662081718444824e+00,1.688728809356689453e+00,-1.472715735435485840e+00
1.125067710876464844e+00,4.663884639739990234e-01,-1.315556287765502930e+00,-1.586511611938476562e+00,1.369100570678710938e+00,-8.051142096519470215e-01,1.259701609611511230e+00,-1.455603837966918945e+00,1.650836944580078125e+00,-9.047222733497619629e-01,1.101562142372131348e+00,-1.758141398429870605e+00,-1.319257736206054688e+00,-1.301715612411499023e+00,-9.654203653335571289e-01,1.245240807533264160e+00,-1.684026241302490234e+00,-1.606732606887817383e+00,1.685508966445922852e+00,-1.474323153495788574e+00
1.124552965164184570e+00,4.641717672348022461e-01,-1.316054224967956543e+00,-1.587438106536865234e+00,1.368076562881469727e+00,-8.118523955345153809e-01,1.259965181350708008e+00,-1.456233501434326172e+00,1.652563691139221191e+00,-9.035590887069702148e-01,1.102033734321594238e+00,-1.759615182876586914e+00,-1.321716785430908203e+00,-1.302077889442443848e+00,-9.643110036849975586e-01,1.247170805931091309e+00,-1.684123754501342773e+00,-1.606084823608398438e+00,1.682873487472534180e+00,-1.475751399993896484e+00
1.123347043991088867e+00,4.623810946941375732e-01,-1.315380334854125977e+00,-1.586817622184753418e+00,1.366266846656799316e+00,-8.157410621643066406e-01,1.259057044982910156e+00,-1.455381155014038086e+00,1.652313709259033203e+00,-9.020881056785583496e-01,1.101560950279235840e+00,-1.759142994880676270e+00,-1.322180151939392090e+00,-1.301277279853820801e+00,-9.628703594207763672e-01,1.247402787208557129e+00,-1.682810783386230469e+00,-1.604388236999511719e+00,1.679868698120117188e+00,-1.475625395774841309e+00
1.122495770454406738e+00,4.602512121200561523e-01,-1.315525889396667480e+00,-1.587566375732421875e+00,1.364953041076660156e+00,-8.222882151603698730e-01,1.259220242500305176e+00,-1.455613493919372559e+00,1.653709530830383301e+00,-9.006274938583374023e-01,1.101750135421752930e+00,-1.760271787643432617e+00,-1.324369311332702637e+00,-1.301458477973937988e+00,-9.615940451622009277e-01,1.249039888381958008e+00,-1.682612419128417969e+00,-1.603469252586364746e+00,1.677029848098754883e+00,-1.476727485656738281e+00
1.122486829757690430e+00,4.593707323074340820e-01,-1.315876722335815430e+00,-1.588171601295471191e+00,1.364732861518859863e+00,-8.250629305839538574e-01,1.259465694427490234e+00,-1.456297874450683594e+00,1.654549241065979004e+00,-9.004363417625427246e-01,1.102167487144470215e+00,-1.761024594306945801e+00,-1.325417637825012207e+00,-1.301786065101623535e+00,-9.613279700279235840e-01,1.250055313110351562e+00,-1.682836294174194336e+00,-1.603527307510375977e+00,1.676172733306884766e+00,-1.477538943290710449e+00
1.123024702072143555e+00,4.589484035968780518e-01,-1.316769361495971680e+00,-1.589275121688842773e+00,1.365098476409912109e+00,-8.275802731513977051e-01,1.260262370109558105e+00,-1.457439541816711426e+00,1.655926585197448730e+00,-9.006586670875549316e-01,1.102938413619995117e+00,-1.762509942054748535e+00,-1.326787710189819336e+00,-1.302664041519165039e+00,-9.614369273185729980e-01,1.251392126083374023e+00,-1.683747649192810059e+00,-1.604209184646606445e+00,1.676326990127563477e+00,-1.478845119476318359e+00
1.122005939483642578e+00,4.574513435363769531e-01,-1.316169977188110352e+00,-1.588834404945373535e+00,1.363573551177978516e+00,-8.309865593910217285e-01,1.259715199470520020e+00,-1.456875205039978027e+00,1.655933499336242676e+00,-8.993182778358459473e-01,1.102523207664489746e+00,-1.762272953987121582e+00,-1.327440142631530762e+00,-1.302101731300354004e+00,-9.602142572402954102e-01,1.251753807067871094e+00,-1.682724475860595703e+00,-1.602815151214599609e+00,1.673793554306030273e+00,-1.478753447532653809e+00
1.121915340423583984e+00,4.570206701755523682e-01,-1.316308140754699707e+00,-1.589041829109191895e+00,1.363481760025024414e+00,-8.324061632156372070e-01,1.259864449501037598e+00,-1.457207918167114258e+00,1.656405210494995117e+00,-8.991236686706542969e-01,1.102641344070434570e+00,-1.762662291526794434e+00,-1.328045964241027832e+00,-1.302255153656005859e+00,-9.600822329521179199e-01,1.252212882041931152e+00,-1.682864665985107422e+00,-1.602742791175842285e+00,1.673266172409057617e+00,-1.479068517684936523e+00
1.122496724128723145e+00,4.569043219089508057e-01,-1.317146897315979004e+00,-1.589987754821777344e+00,1.364119410514831543e+00,-8.339217305183410645e-01,1.260543227195739746e+00,-1.458270311355590820e+00,1.657599329948425293e+00,-8.994917869567871094e-01,1.103331923484802246e+00,-1.763833403587341309e+00,-1.329173803329467773e+00,-1.303038597106933594e+00,-9.604280591011047363e-01,1.253260612487792969e+00,-1.683833956718444824e+00,-1.603497266769409180e+00,1.673683047294616699e+00,-1.480093479156494141e+00
1.122284412384033203e+00,4.560092091560363770e-01,-1.317377805709838867e+00,-1.590339660644531250e+00,1.363710045814514160e+00,-8.368591070175170898e-01,1.260773181915283203e+00,-1.458676695823669434e+00,1.658368229866027832e+00,-8.989318013191223145e-01,1.103472471237182617e+00,-1.764572978019714355e+00,-1.330245375633239746e+00,-1.303257703781127930e+00,-9.599034786224365234e-01,1.254076600074768066e+00,-1.683892369270324707e+00,-1.603214502334594727e+00,1.672520995140075684e+00,-1.480683207511901855e+00
1.122304201126098633e+00,4.558875858783721924e-01,-1.317410826683044434e+00,-1.590296626091003418e+00,1.363548994064331055e+00,-8.372470736503601074e-01,1.260732889175415039e+00,-1.458770871162414551e+00,1.658339381217956543e+00,-8.989772796630859375e-01,1.103515267372131348e+00,-1.764548182487487793e+00,-1.330233335494995117e+00,-1.303312420845031738e+00,-9.598720669746398926e-01,1.254228115081787109e+00,-1.683832526206970215e+00,-1.603169798851013184e+00,1.672341227531433105e+00,-1.480791568756103516e+00
1.122864484786987305e+00,4.560032486915588379e-01,-1.318066954612731934e+00,-1.591040849685668945e+00,1.364063858985900879e+00,-8.379925489425659180e-01,1.261329293251037598e+00,-1.459563970565795898e+00,1.659138798713684082e+00,-8.993972539901733398e-01,1.104054212570190430e+00,-1.765425443649291992e+00,-1.330904364585876465e+00,-1.304007291793823242e+00,-9.602902531623840332e-01,1.255011320114135742e+00,-1.684591293334960938e+00,-1.603848218917846680e+00,1.673003911972045898e+00,-1.481565237045288086e+00
1.122973084449768066e+00,4.561964273452758789e-01,-1.318105578422546387e+00,-1.590957283973693848e+00,1.364137053489685059e+00,-8.375702500343322754e-01,1.261417627334594727e+00,-1.459723949432373047e+00,1.659068226814270020e+00,-8.994904160499572754e-01,1.104027152061462402e+00,-1.765413641929626465e+00,-1.330779552459716797e+00,-1.304095268249511719e+00,-9.603822231292724609e-01,1.255020856857299805e+00,-1.684641122817993164e+00,-1.603882908821105957e+00,1.673199653625488281e+00,-1.481432199478149414e+00
1.124025344848632812e+00,4.571712315082550049e-01,-1.318937778472900391e+00,-1.591740965843200684e+00,1.365443110466003418e+00,-8.361076712608337402e-01,1.262343764305114746e+00,-1.460901260375976562e+00,1.659772276878356934e+00,-9.005304574966430664e-01,1.104635715484619141e+00,-1.766342163085937500e+00,-1.331028580665588379e+00,-1.304985404014587402e+00,-9.613432288169860840e-01,1.255454421043395996e+00,-1.685860514640808105e+00,-1.605238318443298340e+00,1.675123810768127441e+00,-1.481963872909545898e+00
1.124873995780944824e+00,4.583142399787902832e-01,-1.319392919540405273e+00,-1.591998815536499023e+00,1.366583585739135742e+00,-8.336248993873596191e-01,1.262886643409729004e+00,-1.461688160896301270e+00,1.659928679466247559e+00,-9.015152454376220703e-01,1.104966759681701660e+00,-1.766663551330566406e+00,-1.330705285072326660e+00,-1.305520534515380859e+00,-9.622429013252258301e-01,1.255395650863647461e+00,-1.686684370040893555e+00,-1.606297373771667480e+00,1.676934361457824707e+00,-1.482046127319335938e+00
1.125269532203674316e+00,4.591383039951324463e-01,-1.319479465484619141e+00,-1.591882944107055664e+00,1.367192149162292480e+00,-8.316163420677185059e-01,1.263115763664245605e+00,-1.462045192718505859e+00,1.659747958183288574e+00,-9.020642042160034180e-01,1.104960322380065918e+00,-1.766589283943176270e+00,-1.330197453498840332e+00,-1.305736064910888672e+00,-9.627969264984130859e-01,1.255112648010253906e+00,-1.687014579772949219e+00,-1.606750369071960449e+00,1.677960753440856934e+00,-1.481809616088867188e+00
1.126174688339233398e+00,4.604367017745971680e-01,-1.320018768310546875e+00,-1.592129588127136230e+00,1.368421435356140137e+00,-8.290286064147949219e-01,1.263762474060058594e+00,-1.462863445281982422e+00,1.659922957420349121e+00,-9.030830860137939453e-01,1.105248689651489258e+00,-1.766949534416198730e+00,-1.329887866973876953e+00,-1.306381225585937500e+00,-9.638165235519409180e-01,1.255021452903747559e+00,-1.687935829162597656e+00,-1.607826352119445801e+00,1.679904818534851074e+00,-1.481863856315612793e+00
1.127021312713623047e+00,4.621265232563018799e-01,-1.320230841636657715e+00,-1.591889023780822754e+00,1.369655966758728027e+00,-8.247777223587036133e-01,1.264092445373535156e+00,-1.463346242904663086e+00,1.659414410591125488e+00,-9.042302966117858887e-01,1.105280995368957520e+00,-1.766663670539855957e+00,-1.328781127929687500e+00,-1.306682586669921875e+00,-9.649113416671752930e-01,1.254326581954956055e+00,-1.688541054725646973e+00,-1.608759522438049316e+00,1.682153701782226562e+00,-1.481354117393493652e+00
1.128920078277587891e+00,4.646652638912200928e-01,-1.321378588676452637e+00,-1.592667818069458008e+00,1.372280836105346680e+00,-8.195453286170959473e-01,1.265417933464050293e+00,-1.464922547340393066e+00,1.659911751747131348e+00,-9.064227342605590820e-01,1.106065869331359863e+00,-1.767506837844848633e+00,-1.328232765197753906e+00,-1.307974815368652344e+00,-9.670200347900390625e-01,1.254175066947937012e+00,-1.690530657768249512e+00,-1.611182570457458496e+00,1.686350226402282715e+00,-1.481690406799316406e+00
1.130099415779113770e+00,4.665226638317108154e-01,-1.321950435638427734e+00,-1.592849135398864746e+00,1.373939990997314453e+00,-8.153994679450988770e-01,1.266154527664184570e+00,-1.465842366218566895e+00,1.659916400909423828e+00,-9.078431725502014160e-01,1.106376528739929199e+00,-1.767765164375305176e+00,-1.327513813972473145e+00,-1.308674454689025879e+00,-9.683911800384521484e-01,1.253835082054138184e+00,-1.691647648811340332e+00,-1.612602591514587402e+00,1.689121365547180176e+00,-1.481584668159484863e+00
1.130689501762390137e+00,4.682400226593017578e-01,-1.321821093559265137e+00,-1.592173814773559570e+00,1.374917626380920410e+00,-8.106871247291564941e-01,1.266272783279418945e+00,-1.465965747833251953e+00,1.658983945846557617e+00,-9.087818861007690430e-01,1.106048226356506348e+00,-1.767026185989379883e+00,-1.325998187065124512e+00,-1.308724761009216309e+00,-9.693135619163513184e-01,1.252717614173889160e+00,-1.691856861114501953e+00,-1.613193631172180176e+00,1.691062688827514648e+00,-1.480603575706481934e+00
1.131953954696655273e+00,4.708796143531799316e-01,-1.322082042694091797e+00,-1.591693758964538574e+00,1.376802086830139160e+00,-8.037038445472717285e-01,1.266580700874328613e+00,-1.466443181037902832e+00,1.657912373542785645e+00,-9.107192754745483398e-01,1.106049895286560059e+00,-1.766289234161376953e+00,-1.323988556861877441e+00,-1.309041142463684082e+00,-9.710843563079833984e-01,1.251327276229858398e+00,-1.692702889442443848e+00,-1.614661097526550293e+00,1.694630026817321777e+00,-1.479710698127746582e+00
1.133955240249633789e+00,4.738799333572387695e-01,-1.323106765747070312e+00,-1.592195630073547363e+00,1.379622459411621094e+00,-7.969231009483337402e-01,1.267754316329956055e+00,-1.467880606651306152e+00,1.657914638519287109e+00,-9.131940603256225586e-01,1.106693625450134277e+00,-1.766722321510314941e+00,-1.322764515876770020e+00,-1.310189247131347656e+00,-9.734357595443725586e-01,1.250728964805603027e+00,-1.694603562355041504e+00,-1.617179155349731445e+00,1.699322104454040527e+00,-1.479657530784606934e+00
1.136122584342956543e+00,4.766592085361480713e-01,-1.324469447135925293e+00,-1.593191623687744141e+00,1.382578492164611816e+00,-7.913887500762939453e-01,1.269255280494689941e+00,-1.469661593437194824e+00,1.658569693565368652e+00,-9.156551361083984375e-01,1.107644319534301758e+00,-1.767762660980224609e+00,-1.322277665138244629e+00,-1.311679244041442871e+00,-9.758041501045227051e-01,1.250685453414916992e+00,-1.696886897087097168e+00,-1.619941949844360352e+00,1.703992009162902832e+00,-1.480166077613830566e+00
1.137191295623779297e+00,4.783253073692321777e-01,-1.325001716613769531e+00,-1.593390941619873047e+00,1.384098172187805176e+00,-7.876963019371032715e-01,1.269947052001953125e+00,-1.470535993576049805e+00,1.658597111701965332e+00,-9.169613718986511230e-01,1.107948064804077148e+00,-1.768011212348937988e+00,-1.321660041809082031e+00,-1.312333345413208008e+00,-9.770801663398742676e-01,1.250381827354431152e+00,-1.697956204414367676e+00,-1.621253132820129395e+00,1.706501722335815430e+00,-1.480096697807312012e+00
1.138279199600219727e+00,4.803946912288665771e-01,-1.325314879417419434e+00,-1.593237161636352539e+00,1.385689735412597656e+00,-7.824686765670776367e-01,1.270343184471130371e+00,-1.471116065979003906e+00,1.658007740974426270e+00,-9.185091853141784668e-01,1.108052372932434082e+00,-1.767668128013610840e+00,-1.320306658744812012e+00,-1.312731742858886719e+00,-9.785091280937194824e-01,1.249495029449462891e+00,-1.698804855346679688e+00,-1.622569203376770020e+00,1.709380030632019043e+00,-1.479575276374816895e+00
1.139731049537658691e+00,4.827995002269744873e-01,-1.325914502143859863e+00,-1.593422412872314453e+00,1.387835741043090820e+00,-7.767447233200073242e-01,1.271103978157043457e+00,-1.472047924995422363e+00,1.657732129096984863e+00,-9.204135537147521973e-01,1.108378410339355469e+00,-1.767691612243652344e+00,-1.319151997566223145e+00,-1.313445568084716797e+00,-9.803211688995361328e-01,1.248746037483215332e+00,-1.700152277946472168e+00,-1.624443531036376953e+00,1.713003754615783691e+00,-1.479292035102844238e+00
1.142904996871948242e+00,4.864226877689361572e-01,-1.328083634376525879e+00,-1.595303654670715332e+00,1.392193794250488281e+00,-7.698168754577636719e-01,1.273370981216430664e+00,-1.474761486053466797e+00,1.659081459045410156e+00,-9.240014553070068359e-01,1.109965324401855469e+00,-1.769504904747009277e+00,-1.318953514099121094e+00,-1.315728425979614258e+00,-9.837536215782165527e-01,1.248978614807128906e+00,-1.703744292259216309e+00,-1.628669738769531250e+00,1.719633102416992188e+00,-1.480411171913146973e+00
1.145828843116760254e+00,4.903893172740936279e-01,-1.329777836799621582e+00,-1.596589446067810059e+00,1.396501064300537109e+00,-7.612305283546447754e-01,1.275304436683654785e+00,-1.476949453353881836e+00,1.659587979316711426e+00,-9.277030229568481445e-01,1.111093282699584961e+00,-1.770399689674377441e+00,-1.317855477333068848e+00,-1.317552328109741211e+00,-9.872372150421142578e-01,1.248348474502563477e+00,-1.706955075263977051e+00,-1.632766962051391602e+00,1.726383447647094727e+00,-1.480776786804199219e+00
1.149321556091308594e+00,4.952951967716217041e-01,-1.331752896308898926e+00,-1.598394751548767090e+00,1.401831269264221191e+00,-7.508519291877746582e-01,1.277652859687805176e+00,-1.479809284210205078e+00,1.660131692886352539e+00,-9.324325323104858398e-01,1.112484931945800781e+00,-1.771341204643249512e+00,-1.316499948501586914e+00,-1.319818019866943359e+00,-9.916698336601257324e-01,1.247622251510620117e+00,-1.710989117622375488e+00,-1.638072848320007324e+00,1.734566450119018555e+00,-1.481333017349243164e+00
1.154534220695495605e+00,5.007143616676330566e-01,-1.335756778717041016e+00,-1.602622985839843750e+00,1.409362792968750000e+00,-7.428142428398132324e-01,1.282593488693237305e+00,-1.486116170883178711e+00,1.663827538490295410e+00,-9.385681152343750000e-01,1.115430951118469238e+00,-1.775409698486328125e+00,-1.317936062812805176e+00,-1.324526190757751465e+00,-9.975446462631225586e-01,1.249535322189331055e+00,-1.717912793159484863e+00,-1.645987987518310547e+00,1.744692564010620117e+00,-1.484311699867248535e+00
1.162747144699096680e+00,5.070614218711853027e-01,-1.343282580375671387e+00,-1.610684871673583984e+00,1.420833587646484375e+00,-7.373166680335998535e-01,1.291205763816833496e+00,-1.497156500816345215e+00,1.672154307365417480e+00,-9.474106431007385254e-01,1.121097922325134277e+00,-1.784294128417968750e+00,-1.323232054710388184e+00,-1.332857847213745117e+00,-1.005989313125610352e+00,1.255028486251831055e+00,-1.729352593421936035e+00,-1.658303141593933105e+00,1.758623242378234863e+00,-1.491015553474426270e+00
1.162964820861816406e+00,5.048680901527404785e-01,-1.344747781753540039e+00,-1.612208366394042969e+00,1.421385407447814941e+00,-7.463800311088562012e-01,1.293751358985900879e+00,-1.501622915267944336e+00,1.676123619079589844e+00,-9.472912549972534180e-01,1.121924996376037598e+00,-1.787655711174011230e+00,-1.327961444854736328e+00,-1.335002660751342773e+00,-1.005817890167236328e+00,1.258943438529968262e+00,-1.731148362159729004e+00,-1.659239768981933594e+00,1.755658388137817383e+00,-1.493489980697631836e+00
1.160095930099487305e+00,5.026594996452331543e-01,-1.342146873474121094e+00,-1.608632087707519531e+00,1.417962908744812012e+00,-7.492508888244628906e-01,1.291886210441589355e+00,-1.500576496124267578e+00,1.673928141593933105e+00,-9.447707533836364746e-01,1.119541168212890625e+00,-1.784998536109924316e+00,-1.326903820037841797e+00,-1.332822442054748535e+00,-1.003197789192199707e+00,1.257973313331604004e+00,-1.727479577064514160e+00,-1.655239343643188477e+00,1.749473810195922852e+00,-1.491055607795715332e+00
1.157593488693237305e+00,4.992386698722839355e-01,-1.340663433074951172e+00,-1.606819272041320801e+00,1.414470672607421875e+00,-7.567068934440612793e-01,1.290534734725952148e+00,-1.499759078025817871e+00,1.673756599426269531e+00,-9.416875839233398438e-01,1.118314027786254883e+00,-1.784351348876953125e+00,-1.328125357627868652e+00,-1.331432938575744629e+00,-1.000279545783996582e+00,1.258747696876525879e+00,-1.724779009819030762e+00,-1.651553869247436523e+00,1.743032693862915039e+00,-1.490517377853393555e+00
1.154752731323242188e+00,4.951784610748291016e-01,-1.339209914207458496e+00,-1.605139970779418945e+00,1.410487890243530273e+00,-7.661299705505371094e-01,1.289276123046875000e+00,-1.498729944229125977e+00,1.673918008804321289e+00,-9.379436969757080078e-01,1.117015838623046875e+00,-1.784036755561828613e+00,-1.329941511154174805e+00,-1.330037713050842285e+00,-9.968068003654479980e-01,1.259890198707580566e+00,-1.721795797348022461e+00,-1.647400259971618652e+00,1.735669016838073730e+00,-1.490086793899536133e+00
1.153134584426879883e+00,4.921836555004119873e-01,-1.338744282722473145e+00,-1.604337811470031738e+00,1.407917022705078125e+00,-7.737225890159606934e-01,1.288632392883300781e+00,-1.498708963394165039e+00,1.674548387527465820e+00,-9.356574416160583496e-01,1.116613745689392090e+00,-1.784419178962707520e+00,-1.331646084785461426e+00,-1.329466700553894043e+00,-9.945932626724243164e-01,1.261329054832458496e+00,-1.720083713531494141e+00,-1.644805073738098145e+00,1.730613470077514648e+00,-1.490487813949584961e+00
1.151302456855773926e+00,4.889595806598663330e-01,-1.338187098503112793e+00,-1.603561282157897949e+00,1.405111193656921387e+00,-7.819408774375915527e-01,1.288069963455200195e+00,-1.498541831970214844e+00,1.675293326377868652e+00,-9.330548048019409180e-01,1.116088390350341797e+00,-1.784935593605041504e+00,-1.333603262901306152e+00,-1.328909397125244141e+00,-9.921651482582092285e-01,1.262875437736511230e+00,-1.718247890472412109e+00,-1.642040610313415527e+00,1.725181698799133301e+00,-1.490852594375610352e+00
1.148675441741943359e+00,4.854029417037963867e-01,-1.336700677871704102e+00,-1.601791501045227051e+00,1.401352405548095703e+00,-7.897207140922546387e-01,1.286582708358764648e+00,-1.497362017631530762e+00,1.674908638000488281e+00,-9.298045635223388672e-01,1.114860177040100098e+00,-1.784198999404907227e+00,-1.334639549255371094e+00,-1.327419877052307129e+00,-9.890904426574707031e-01,1.263597607612609863e+00,-1.715310096740722656e+00,-1.638173580169677734e+00,1.718609452247619629e+00,-1.490276932716369629e+00
1.147064208984375000e+00,4.826400578022003174e-01,-1.336154699325561523e+00,-1.601195335388183594e+00,1.398945093154907227e+00,-7.966603040695190430e-01,1.286058545112609863e+00,-1.497110009193420410e+00,1.675531506538391113e+00,-9.275282621383666992e-01,1.114418387413024902e+00,-1.784601926803588867e+00,-1.336284756660461426e+00,-1.326872467994689941e+00,-9.869924783706665039e-01,1.264858126640319824e+00,-1.713752746582031250e+00,-1.635807156562805176e+00,1.714007377624511719e+00,-1.490573406219482422e+00
1.145786404609680176e+00,4.805977642536163330e-01,-1.335571408271789551e+00,-1.600524544715881348e+00,1.397021889686584473e+00,-8.014800548553466797e-01,1.285544037818908691e+00,-1.496719717979431152e+00,1.675743460655212402e+00,-9.257446527481079102e-01,1.113923192024230957e+00,-1.784646272659301758e+00,-1.337303400039672852e+00,-1.326316118240356445e+00,-9.853074550628662109e-01,1.265596985816955566e+00,-1.712381005287170410e+00,-1.633868098258972168e+00,1.710495591163635254e+00,-1.490509986877441406e+00
1.145722508430480957e+00,4.800248444080352783e-01,-1.335817575454711914e+00,-1.600755691528320312e+00,1.396764636039733887e+00,-8.034231662750244141e-01,1.285735011100769043e+00,-1.497164487838745117e+00,1.676324129104614258e+00,-9.255304336547851562e-01,1.114153504371643066e+00,-1.785229921340942383e+00,-1.338035702705383301e+00,-1.326547741889953613e+00,-9.850560426712036133e-01,1.266327142715454102e+00,-1.712403535842895508e+00,-1.633709788322448730e+00,1.709774017333984375e+00,-1.491016864776611328e+00
1.144223093986511230e+00,4.782592654228210449e-01,-1.334793210029602051e+00,-1.599744796752929688e+00,1.394702792167663574e+00,-8.068699240684509277e-01,1.284838438034057617e+00,-1.496086478233337402e+00,1.675832033157348633e+00,-9.236947298049926758e-01,1.113290190696716309e+00,-1.784502387046813965e+00,-1.338321089744567871e+00,-1.325549602508544922e+00,-9.833748936653137207e-01,1.266377091407775879e+00,-1.710708022117614746e+00,-1.631601929664611816e+00,1.706404685974121094e+00,-1.490373134613037109e+00
1.143500089645385742e+00,4.770676493644714355e-01,-1.334549427032470703e+00,-1.599566936492919922e+00,1.393634438514709473e+00,-8.099817633628845215e-01,1.284633159637451172e+00,-1.495762348175048828e+00,1.676136136054992676e+00,-9.225470423698425293e-01,1.113000035285949707e+00,-1.784651517868041992e+00,-1.339167237281799316e+00,-1.325331330299377441e+00,-9.824005365371704102e-01,1.266926288604736328e+00,-1.710069298744201660e+00,-1.630562305450439453e+00,1.704371571540832520e+00,-1.490386247634887695e+00
1.142920017242431641e+00,4.762383699417114258e-01,-1.334259867668151855e+00,-1.599314808845520020e+00,1.392842769622802734e+00,-8.117535710334777832e-01,1.284423708915710449e+00,-1.495350599288940430e+00,1.676186800003051758e+00,-9.217451214790344238e-01,1.112685799598693848e+00,-1.784561991691589355e+00,-1.339587450027465820e+00,-1.325010418891906738e+00,-9.816972017288208008e-01,1.267164230346679688e+00,-1.709516763687133789e+00,-1.629743576049804688e+00,1.702985048294067383e+00,-1.490201830863952637e+00
1.142861485481262207e+00,4.759517908096313477e-01,-1.334304571151733398e+00,-1.599409818649291992e+00,1.392703175544738770e+00,-8.123304247856140137e-01,1.284347653388977051e+00,-1.495286107063293457e+00,1.676264286041259766e+00,-9.216176271438598633e-01,1.112718582153320312e+00,-1.784660339355468750e+00,-1.339777827262878418e+00,-1.324990391731262207e+00,-9.815548658370971680e-01,1.267342090606689453e+00,-1.709492087364196777e+00,-1.629644751548767090e+00,1.702737569808959961e+00,-1.490295767784118652e+00
1.142569303512573242e+00,4.753171503543853760e-01,-1.334201455116271973e+00,-1.599426865577697754e+00,1.392281055450439453e+00,-8.137611150741577148e-01,1.284242391586303711e+00,-1.495190739631652832e+00,1.676437973976135254e+00,-9.211499691009521484e-01,1.112646460533142090e+00,-1.784764051437377930e+00,-1.340160965919494629e+00,-1.324862599372863770e+00,-9.811289906501770020e-01,1.267591118812561035e+00,-1.709273576736450195e+00,-1.629273533821105957e+00,1.701887607574462891e+00,-1.490335822105407715e+00
1.142515897750854492e+00,4.749850034713745117e-01,-1.334380030632019043e+00,-1.599748849868774414e+00,1.392216920852661133e+00,-8.150784373283386230e-01,1.284497141838073730e+00,-1.495389342308044434e+00,1.676931619644165039e+00,-9.208906292915344238e-01,1.112733960151672363e+00,-1.785211801528930664e+00,-1.340800881385803223e+00,-1.325049877166748047e+00,-9.809609055519104004e-01,1.268037557601928711e+00,-1.709437608718872070e+00,-1.629269361495971680e+00,1.701532006263732910e+00,-1.490664005279541016e+00
1.142381072044372559e+00,4.747765958309173584e-01,-1.334295153617858887e+00,-1.599640250205993652e+00,1.392012715339660645e+00,-8.153925538063049316e-01,1.284385204315185547e+00,-1.495259165763854980e+00,1.676863789558410645e+00,-9.207165241241455078e-01,1.112630844116210938e+00,-1.785121202468872070e+00,-1.340811252593994141e+00,-1.324931383132934570e+00,-9.807748794555664062e-01,1.267994999885559082e+00,-1.709280371665954590e+00,-1.629075288772583008e+00,1.701198816299438477e+00,-1.490578651428222656e+00
1.142926454544067383e+00,4.748265147209167480e-01,-1.335005998611450195e+00,-1.600480675697326660e+00,1.392705798149108887e+00,-8.161043524742126465e-01,1.285158634185791016e+00,-1.495963215827941895e+00,1.677830457687377930e+00,-9.211211800575256348e-01,1.113150715827941895e+00,-1.786137580871582031e+00,-1.341670632362365723e+00,-1.325597047805786133e+00,-9.811313152313232422e-01,1.268696427345275879e+00,-1.710094571113586426e+00,-1.629916071891784668e+00,1.701909422874450684e+00,-1.491336822509765625e+00
1.142787933349609375e+00,4.740706384181976318e-01,-1.335227251052856445e+00,-1.600882053375244141e+00,1.392380475997924805e+00,-8.186163306236267090e-01,1.285423874855041504e+00,-1.496129989624023438e+00,1.678637862205505371e+00,-9.205466508865356445e-01,1.113264799118041992e+00,-1.786880373954772949e+00,-1.342779040336608887e+00,-1.325827360153198242e+00,-9.806138873100280762e-01,1.269465446472167969e+00,-1.710203766822814941e+00,-1.629695057868957520e+00,1.701035737991333008e+00,-1.491860270500183105e+00
1.142632126808166504e+00,4.735721647739410400e-01,-1.335306882858276367e+00,-1.601093053817749023e+00,1.392086267471313477e+00,-8.202152848243713379e-01,1.285501122474670410e+00,-1.496184945106506348e+00,1.679014086723327637e+00,-9.201821088790893555e-01,1.113346099853515625e+00,-1.787224531173706055e+00,-1.343329668045043945e+00,-1.325920701026916504e+00,-9.802989959716796875e-01,1.269891500473022461e+00,-1.710201621055603027e+00,-1.629487872123718262e+00,1.700416445732116699e+00,-1.492175698280334473e+00
1.142880320549011230e+00,4.739542305469512939e-01,-1.335415482521057129e+00,-1.601149916648864746e+00,1.392406582832336426e+00,-8.193013668060302734e-01,1.285560488700866699e+00,-1.496316075325012207e+00,1.678929209709167480e+00,-9.205405116081237793e-01,1.113454341888427734e+00,-1.787176012992858887e+00,-1.343067646026611328e+00,-1.326013445854187012e+00,-9.806290864944458008e-01,1.269760966300964355e+00,-1.710381984710693359e+00,-1.629802346229553223e+00,1.701030969619750977e+00,-1.492171645164489746e+00
1.143417119979858398e+00,4.743573963642120361e-01,-1.335904002189636230e+00,-1.601690292358398438e+00,1.393041729927062988e+00,-8.188991546630859375e-01,1.285976171493530273e+00,-1.496738314628601074e+00,1.679373860359191895e+00,-9.210863113403320312e-01,1.113888025283813477e+00,-1.787705779075622559e+00,-1.343332767486572266e+00,-1.326467275619506836e+00,-9.811261296272277832e-01,1.270041942596435547e+00,-1.711033344268798828e+00,-1.630510091781616211e+00,1.702027559280395508e+00,-1.492615938186645508e+00
1.143876791000366211e+00,4.746262729167938232e-01,-1.336393952369689941e+00,-1.602158904075622559e+00,1.393598675727844238e+00,-8.186075091361999512e-01,1.286302208900451660e+00,-1.497124433517456055e+00,1.679765462875366211e+00,-9.215685725212097168e-01,1.114270806312561035e+00,-1.788128018379211426e+00,-1.343554019927978516e+00,-1.326852440834045410e+00,-9.816045165061950684e-01,1.270302176475524902e+00,-1.711587190628051758e+00,-1.631101727485656738e+00,1.702865242958068848e+00,-1.492989182472229004e+00
1.143225193023681641e+00,4.736129343509674072e-01,-1.336041569709777832e+00,-1.601941585540771484e+00,1.392671227455139160e+00,-8.208538889884948730e-01,1.285973072052001953e+00,-1.496737480163574219e+00,1.679797053337097168e+00,-9.206870198249816895e-01,1.113999485969543457e+00,-1.788046836853027344e+00,-1.344001173973083496e+00,-1.326506376266479492e+00,-9.808153510093688965e-01,1.270583152770996094e+00,-1.710980176925659180e+00,-1.630226016044616699e+00,1.701202034950256348e+00,-1.492925763130187988e+00
1.143039822578430176e+00,4.734785854816436768e-01,-1.335867285728454590e+00,-1.601749420166015625e+00,1.392415761947631836e+00,-8.210308551788330078e-01,1.285792350769042969e+00,-1.496581315994262695e+00,1.679618716239929199e+00,-9.204832315444946289e-01,1.113843321800231934e+00,-1.787840127944946289e+00,-1.343904614448547363e+00,-1.326354503631591797e+00,-9.806226491928100586e-01,1.270486116409301758e+00,-1.710762739181518555e+00,-1.629945635795593262e+00,1.700821638107299805e+00,-1.492778658866882324e+00
1.142824888229370117e+00,4.734189510345458984e-01,-1.335630655288696289e+00,-1.601444125175476074e+00,1.392182707786560059e+00,-8.208419680595397949e-01,1.285582065582275391e+00,-1.496353387832641602e+00,1.679308891296386719e+00,-9.203279018402099609e-01,1.113627552986145020e+00,-1.787503957748413086e+00,-1.343657970428466797e+00,-1.326113104820251465e+00,-9.804510474205017090e-01,1.270237088203430176e+00,-1.710462450981140137e+00,-1.629645943641662598e+00,1.700518012046813965e+00,-1.492493629455566406e+00
1.143229842185974121e+00,4.736467897891998291e-01,-1.336017727851867676e+00,-1.601866722106933594e+00,1.392699241638183594e+00,-8.205805420875549316e-01,1.285887360572814941e+00,-1.496752619743347168e+00,1.679662108421325684e+00,-9.207779169082641602e-01,1.113995671272277832e+00,-1.787927985191345215e+00,-1.343834638595581055e+00,-1.326450109481811523e+00,-9.808781743049621582e-01,1.270449995994567871e+00,-1.710940718650817871e+00,-1.630231976509094238e+00,1.701242208480834961e+00,-1.492858648300170898e+00
1.143126845359802246e+00,4.731963872909545898e-01,-1.336110711097717285e+00,-1.602076053619384766e+00,1.392514586448669434e+00,-8.218761086463928223e-01,1.285994052886962891e+00,-1.496866106986999512e+00,1.679989099502563477e+00,-9.205425381660461426e-01,1.114075183868408203e+00,-1.788259029388427734e+00,-1.344337344169616699e+00,-1.326520442962646484e+00,-9.806277751922607422e-01,1.270825982093811035e+00,-1.710941553115844727e+00,-1.630142211914062500e+00,1.700735569000244141e+00,-1.493119359016418457e+00
